[gd_scene load_steps=4 format=2]

[ext_resource path="res://scenes/protoScenes/Fence.tscn" type="PackedScene" id=1]
[ext_resource path="res://scenes/protoScenes/Grass.tscn" type="PackedScene" id=3]
[ext_resource path="res://scenes/protoScenes/Tree.tscn" type="PackedScene" id=4]

[node name="TestProtongraph" type="Spatial"]

[node name="Tree" parent="." instance=ExtResource( 4 )]

[node name="Grass" parent="." instance=ExtResource( 3 )]

[node name="Fence" parent="." instance=ExtResource( 1 )]

[node name="fence_planks" type="Position3D" parent="Fence/Outputs" index="0"]
transform = Transform( 0.820917, 0.000802, 0.571047, -0.000977, 1, 0, -0.571047, -0.000558, 0.820917, -4.35923, 0, -3.58755 )

[node name="tmpParent" type="Position3D" parent="Fence/Outputs/fence_planks"]

[node name="fence_planks2" type="Position3D" parent="Fence/Outputs" index="1"]
transform = Transform( 0.939891, 0.000174, 0.341475, -0.000276, 1, 0.000251, -0.341475, -0.00033, 0.939891, -3.47127, -0.000655, -4.05645 )

[node name="tmpParent" type="Position3D" parent="Fence/Outputs/fence_planks2"]

[node name="fence_planks3" type="Position3D" parent="Fence/Outputs" index="2"]
transform = Transform( 0.983696, -0.00024, 0.179837, 0.00019, 1, 0.000293, -0.179837, -0.000254, 0.983696, -2.50265, -0.000732, -4.33119 )

[node name="tmpParent" type="Position3D" parent="Fence/Outputs/fence_planks3"]

[node name="fence_planks4" type="Position3D" parent="Fence/Outputs" index="3"]
transform = Transform( 0.999023, -0.000578, 0.044191, 0.000567, 1, 0.000264, -0.044191, -0.000239, 0.999023, -1.50392, -0.000375, -4.45328 )

[node name="tmpParent" type="Position3D" parent="Fence/Outputs/fence_planks4"]

[node name="fence_planks5" type="Position3D" parent="Fence/Outputs" index="4"]
transform = Transform( 0.997513, -0.000859, -0.070483, 0.000875, 1, 0.000198, 0.070483, -0.000259, 0.997513, -0.497115, 0.000333, -4.447 )

[node name="tmpParent" type="Position3D" parent="Fence/Outputs/fence_planks5"]

[node name="fence_planks6" type="Position3D" parent="Fence/Outputs" index="5"]
transform = Transform( 0.985981, -0.001093, -0.166857, 0.001127, 0, 0.000112, 0.166856, -0.000299, 0.985981, 0.503384, 0.001329, -4.33256 )

[node name="tmpParent" type="Position3D" parent="Fence/Outputs/fence_planks6"]

[node name="fence_planks7" type="Position3D" parent="Fence/Outputs" index="6"]
transform = Transform( 0.965753, -0.001124, -0.259462, 0.001165, 0, 0, 0.259462, -0.000307, 0.965753, 1.48818, 0.002541, -4.12646 )

[node name="tmpParent" type="Position3D" parent="Fence/Outputs/fence_planks7"]

[node name="fence_planks8" type="Position3D" parent="Fence/Outputs" index="7"]
transform = Transform( 0.921026, -0.000714, -0.389501, 0.000709, 1, -0.000155, 0.389501, -0.000133, 0.921026, 2.44288, 0.003515, -3.80799 )

[node name="tmpParent" type="Position3D" parent="Fence/Outputs/fence_planks8"]

[node name="fence_planks9" type="Position3D" parent="Fence/Outputs" index="8"]
transform = Transform( 0.84454, -0.000299, -0.535492, 0.000183, 1, -0.00027, 0.535492, 0.00013, 0.84454, 3.33898, 0.003993, -3.34937 )

[node name="tmpParent" type="Position3D" parent="Fence/Outputs/fence_planks9"]

[node name="fence_planks10" type="Position3D" parent="Fence/Outputs" index="9"]
transform = Transform( 0.728548, 6.3e-05, -0.684995, -0.000368, 1, -0.000299, 0.684995, 0.00047, 0.728548, 4.13907, 0.00392, -2.73974 )

[node name="tmpParent" type="Position3D" parent="Fence/Outputs/fence_planks10"]

[node name="fence_planks11" type="Position3D" parent="Fence/Outputs" index="10"]
transform = Transform( 0.574591, 0.00031, -0.81844, -0.000851, 1, -0.000219, 0.81844, 0.000822, 0.574591, 4.80228, 0.003312, -1.98507 )

[node name="tmpParent" type="Position3D" parent="Fence/Outputs/fence_planks11"]

[node name="fence_planks12" type="Position3D" parent="Fence/Outputs" index="11"]
transform = Transform( 0.394383, 0.00042, -0.918946, -0.001156, 0, -3.9e-05, 0.918946, 0.001077, 0.394383, 5.29556, 0.00229, -1.11 )

[node name="tmpParent" type="Position3D" parent="Fence/Outputs/fence_planks12"]

[node name="fence_planks13" type="Position3D" parent="Fence/Outputs" index="12"]
transform = Transform( 0.199272, 0.000423, -0.979944, -0.001155, 0, 0.000197, 0.979943, 0.001093, 0.199273, 5.59847, 0.001096, -0.15201 )

[node name="tmpParent" type="Position3D" parent="Fence/Outputs/fence_planks13"]

[node name="fence_planks14" type="Position3D" parent="Fence/Outputs" index="13"]
transform = Transform( -0.019606, 0.000432, -0.999808, -0.000595, 1, 0.000444, 0.999808, 0.000603, -0.019606, 5.69413, 0.000145, 0.848429 )

[node name="tmpParent" type="Position3D" parent="Fence/Outputs/fence_planks14"]

[node name="fence_planks15" type="Position3D" parent="Fence/Outputs" index="14"]
transform = Transform( -0.268015, 0.000557, -0.963415, 0, 1, 0.000578, 0.963415, 0.000155, -0.268015, 5.54352, 0, 1.84183 )

[node name="tmpParent" type="Position3D" parent="Fence/Outputs/fence_planks15"]

[node name="fence_planks16" type="Position3D" parent="Fence/Outputs" index="15"]
transform = Transform( -0.417599, 0.000519, -0.908631, 0, 1, 0.000571, 0.908631, 0.000238, -0.417599, 5.19108, 0, 2.78427 )

[node name="tmpParent" type="Position3D" parent="Fence/Outputs/fence_planks16"]

[node name="fence_planks17" type="Position3D" parent="Fence/Outputs" index="16"]
transform = Transform( -0.514328, 0.000487, -0.857593, 0, 1, 0.000568, 0.857593, 0.000292, -0.514328, 4.71802, 0, 3.67249 )

[node name="tmpParent" type="Position3D" parent="Fence/Outputs/fence_planks17"]

[node name="fence_planks18" type="Position3D" parent="Fence/Outputs" index="17"]
transform = Transform( -0.599789, 0.000452, -0.800158, 0, 1, 0.000565, 0.800158, 0.000339, -0.599789, 4.15667, 0, 4.50781 )

[node name="tmpParent" type="Position3D" parent="Fence/Outputs/fence_planks18"]

[node name="Camera" type="Camera" parent="."]
transform = Transform( -4.37114e-08, 0.34202, -0.939693, 0, 0.939693, 0.34202, 1, 1.49502e-08, -4.10753e-08, -19.2975, 10.8164, 0 )
current = true

[editable path="Fence"]
